0.171015
0.0872799999999999
0.512375
0.300074
0.398565
0.43326
0.536344
0.696564
0.392837
0.544548
0.366343
0.77939
0.773599
0.286037
0.162982
0.738161
0.357155
0.232236
0.350026
0.559636
-0.00330900000000001
0.447086
0.590319
0.627589
0.141812
0.456553
0.632471
0.226322
0.447086
0.721073
0.462319
0.028069
0.711777
0.636683
0.096311
0.466083
0.677136
0.44012
-0.046342
0.758589
0.342956
0.147927
0.666889
0.54136
0.487757
0.484385
0.691479
0.529121
0.541148
0.436654
0.205565
0.295669
0.574046
0.508972
0.709685
0.532894
0.54897
0.35043
0.541812
0.489407
0.641475
0.570024
0.775768
0.635877
0.605365
0.115136
0.58285
0.47146
0.668292
0.530691
0.309715
0.663048
0.787937
0.25424
0.744943
0.759117
0.527655
0.174616
0.449613
0.350522
0.606748
0.692938
0.195146
0.5196
0.173706
0.334174
0.463467
0.483611
0.433561
0.507536
0.488797
0.402598
0.731983
0.35644
0.272803
0.56445
0.41654
0.688533
0.690114
0.463385
0.708642
0.28248
0.777965
0.675447
0.499502
0.696273
0.831987
0.539481
0.191581
0.415672
0.0725589999999999
0.593104
0.58708
0.029038
0.603788
0.056266
0.437672
0.433102
0.531727
0.160024
0.73382
0.330961
0.504638
0.646654
0.11303
0.584153
0.690592
0.576702
0.668638
0.443933
0.780277
0.037582
0.655855
0.060068
0.667318
0.516489
0.57464
0.330768
0.344733
0.565862
0.430756
0.655161
0.513895
0.601231
0.584286
0.663048
0.33651
0.266493
0.624269
0.513017
0.602805
0.584286
0.33852
0.253699
0.494526
0.645909
0.73445
0.802949
0.652891
0.605365
0.0725589999999999
0.0947180000000001
0.554079
0.482077
0.0894470000000001
0.560689
0.23007
0.656297
0.509451
0.031366
0.237052
0.474066
0.65417
0.398171
0.517216
0.809011
0.48985
0.576409
0.59485
0.771106
0.330768
0.458925
0.444529
0.0968779999999999
0.657932
0.164306
0.613243
0.079579
0.820327
0.508267
0.47908
0.581765
0.700252
0.544808
0.540334
0.811207
0.627232
0.646242
0.483423
0.253648
